[base]
package = atari
env_name = beam_rider

[train]
total_timesteps = 9_762_779
batch_size = 65_536
minibatch_size = 1024
update_epochs = 3
bptt_horizon = 2
learning_rate = 0.00041171401568673385
gae_lambda = 0.14527976163861273
gamma = 0.990622479610104
ent_coef = 0.010996558409985507
clip_coef = 0.4966414480536032
vf_clip_coef = 0.13282356641582535
vf_coef = 0.985913502481555
max_grad_norm = 0.9385297894477844

[env]
frameskip = 4
repeat_action_probability = 0.0
