[base]
package = atari
env_name = breakout

[train]
total_timesteps = 25_000_000
batch_size = 65_536
minibatch_size = 512
update_epochs = 3
bptt_horizon = 16
learning_rate = 0.0005426281444434721
gae_lambda = 0.8538481400576657
gamma = 0.9955183835557186
ent_coef = 0.003385776743651383
clip_coef = 0.07485999166174963
vf_clip_coef = 0.20305217614276536
vf_coef = 0.18278144162218027
max_grad_norm = 1.0495498180389404

[env]
frameskip = 4
repeat_action_probability = 0.0
