[base]
package = atari
env_name = breakout

[train]
total_timesteps = 5_000_000
batch_size = 32768
minibatch_size = 2048
update_epochs = 3
bptt_horizon = 8
learning_rate = 0.0006362237073612932
gae_lambda = 0.9693675324249582
gamma = 0.9225000730890304
ent_coef = 0.007819683794893506
clip_coef = 0.21999888278763577
vf_clip_coef = 0.1870618596142218
vf_coef = 0.8674563653606585
max_grad_norm = 0.7610697746276855

[env]
frameskip = 4
repeat_action_probability = 0.0
