[base]
package = atari
env_name = space_invaders

[train]
total_timesteps = 7_500_000
batch_size = 65_536
minibatch_size = 4_096
update_epochs = 4
bptt_horizon = 8
learning_rate = 0.0012161186756094724
gae_lambda = 0.6957035398791592
gamma = 0.9925043678586688
ent_coef = 0.032082891906869346
clip_coef = 0.24504077831570073
vf_clip_coef = 0.18204547640437296
vf_coef = 0.5850012910005633
max_grad_norm = 0.6649078130722046

[env]
frameskip = 4
repeat_action_probability = 0.0
